0 2 1 200.0 0.0 200.0 200.0 5 0 200.0 200.0 200.0 
1 3 0 200.0 0.0 200.0 200.0 2 400.0 0.0 400.0 200.0 6 200.0 200.0 400.0 200.0 
2 3 1 400.0 0.0 400.0 200.0 3 600.0 0.0 600.0 200.0 7 400.0 200.0 600.0 200.0 
3 3 2 600.0 0.0 600.0 200.0 4 800.0 0.0 800.0 200.0 8 600.0 200.0 800.0 200.0 
4 2 3 800.0 0.0 800.0 200.0 9 800.0 200.0 1000.0 200.0 
5 3 0 0 200.0 200.0 200.0 6 200.0 200.0 200.0 400.0 10 0 400.0 200.0 400.0 
6 4 1 200.0 200.0 400.0 200.0 5 200.0 200.0 200.0 400.0 7 400.0 200.0 400.0 400.0 11 200.0 400.0 400.0 400.0 
7 4 2 400.0 200.0 600.0 200.0 6 400.0 200.0 400.0 400.0 8 600.0 200.0 600.0 400.0 12 400.0 400.0 600.0 400.0 
8 4 3 600.0 200.0 800.0 200.0 7 600.0 200.0 600.0 400.0 9 800.0 200.0 800.0 400.0 13 600.0 400.0 800.0 400.0 
9 3 4 800.0 200.0 1000.0 200.0 8 800.0 200.0 800.0 400.0 14 800.0 400.0 1000.0 400.0 
10 3 5 0 400.0 200.0 400.0 11 200.0 400.0 200.0 600.0 15 0 600.0 200.0 600.0 
11 4 6 200.0 400.0 400.0 400.0 10 200.0 400.0 200.0 600.0 12 400.0 400.0 400.0 600.0 16 200.0 600.0 400.0 600.0 
12 4 7 400.0 400.0 600.0 400.0 11 400.0 400.0 400.0 600.0 13 600.0 400.0 600.0 600.0 17 400.0 600.0 600.0 600.0 
13 4 8 600.0 400.0 800.0 400.0 12 600.0 400.0 600.0 600.0 14 800.0 400.0 800.0 600.0 18 600.0 600.0 800.0 600.0 
14 3 9 800.0 400.0 1000.0 400.0 13 800.0 400.0 800.0 600.0 19 800.0 600.0 1000.0 600.0 
15 3 10 0 600.0 200.0 600.0 16 200.0 600.0 200.0 800.0 20 0 800.0 200.0 800.0 
16 4 11 200.0 600.0 400.0 600.0 15 200.0 600.0 200.0 800.0 17 400.0 600.0 400.0 800.0 21 200.0 800.0 400.0 800.0 
17 4 12 400.0 600.0 600.0 600.0 16 400.0 600.0 400.0 800.0 18 600.0 600.0 600.0 800.0 22 400.0 800.0 600.0 800.0 
18 4 13 600.0 600.0 800.0 600.0 17 600.0 600.0 600.0 800.0 19 800.0 600.0 800.0 800.0 23 600.0 800.0 800.0 800.0 
19 3 14 800.0 600.0 1000.0 600.0 18 800.0 600.0 800.0 800.0 24 800.0 800.0 1000.0 800.0 
20 2 15 0 800.0 200.0 800.0 21 200.0 800.0 200.0 1000.0 
21 3 16 200.0 800.0 400.0 800.0 20 200.0 800.0 200.0 1000.0 22 400.0 800.0 400.0 1000.0 
22 3 17 400.0 800.0 600.0 800.0 21 400.0 800.0 400.0 1000.0 23 600.0 800.0 600.0 1000.0 
23 3 18 600.0 800.0 800.0 800.0 22 600.0 800.0 600.0 1000.0 24 800.0 800.0 800.0 1000.0 
24 2 19 800.0 800.0 1000.0 800.0 23 800.0 800.0 800.0 1000.0 
185.85 179.65 0.0
8.45 27.54 0.0
155.06 186.26 0.0
114.42 20.55 0.0
80.85 139.03 0.0
190.09 54.09 0.0
194.25 70.39 0.0
110.21 80.13 0.0
8.85 127.59 0.0
43.52 172.8 0.0
1.77 137.12 0.0
21.78 63.22 0.0
40.14 44.15 0.0
122.03 188.71 0.0
0.77 170.23 0.0
161.28 199.99 0.0
135.62 32.45 0.0
26.18 139.57 0.0
144.73 97.39 0.0
23.28 179.5 0.0
373.85 72.56 1.0
356.2 14.5 1.0
354.53 5.73 1.0
327.81 134.21 1.0
381.27 4.56 1.0
308.94 17.55 1.0
338.33 123.02 1.0
371.26 131.09 1.0
398.12 64.18 1.0
223.19 75.58 1.0
366.47 70.76 1.0
389.93 38.38 1.0
201.45 60.3 1.0
297.02 77.6 1.0
207.18 102.63 1.0
390.05 68.87 1.0
379.14 158.45 1.0
300.31 118.1 1.0
308.97 177.42 1.0
205.92 75.32 1.0
509.85 22.55 2.0
576.95 41.05 2.0
533.9 81.6 2.0
479.68 192.27 2.0
525.97 140.81 2.0
442.29 173.06 2.0
490.77 179.9 2.0
523.03 180.19 2.0
595.91 163.13 2.0
473.1 22.2 2.0
535.21 18.99 2.0
566.74 156.41 2.0
563.12 79.71 2.0
578.63 71.31 2.0
406.5 70.46 2.0
473.74 43.61 2.0
517.61 6.47 2.0
466.72 189.79 2.0
406.68 189.46 2.0
463.1 111.41 2.0
670.57 66.56 3.0
696.74 175.02 3.0
679.62 196.05 3.0
602.88 190.09 3.0
796.89 6.83 3.0
798.22 130.23 3.0
790.33 105.13 3.0
771.51 47.18 3.0
624.75 44.27 3.0
783.73 159.47 3.0
698.27 81.48 3.0
656.24 146.95 3.0
615.28 31.96 3.0
724.75 136.31 3.0
745.01 27.7 3.0
705.33 30.68 3.0
698.93 179.19 3.0
730.71 38.94 3.0
648.1 160.54 3.0
791.07 21.33 3.0
906.42 8.94 4.0
956.04 128.85 4.0
818.86 156.55 4.0
911.2 32.71 4.0
874.18 136.61 4.0
974.56 125.87 4.0
941.84 32.0 4.0
846.93 152.96 4.0
927.08 151.97 4.0
944.49 57.56 4.0
824.74 27.81 4.0
939.32 121.86 4.0
993.29 104.85 4.0
837.76 76.09 4.0
965.57 145.41 4.0
922.91 174.62 4.0
886.47 81.47 4.0
944.75 34.5 4.0
828.79 11.2 4.0
911.06 174.5 4.0
164.64 344.91 5.0
118.8 321.69 5.0
29.86 232.3 5.0
32.18 363.36 5.0
152.4 214.4 5.0
96.43 335.22 5.0
184.31 273.55 5.0
92.73 301.74 5.0
114.08 345.35 5.0
146.77 232.45 5.0
113.4 324.96 5.0
188.46 397.51 5.0
135.2 348.86 5.0
100.64 321.35 5.0
145.55 224.93 5.0
153.86 294.36 5.0
82.84 268.72 5.0
46.0 201.15 5.0
34.02 291.4 5.0
62.19 208.72 5.0
248.84 232.23 6.0
372.61 308.77 6.0
344.56 324.35 6.0
277.6 259.58 6.0
387.93 333.35 6.0
335.24 335.09 6.0
398.29 388.91 6.0
259.01 354.01 6.0
396.84 293.94 6.0
246.89 241.7 6.0
356.79 284.17 6.0
215.29 356.92 6.0
239.99 334.52 6.0
362.38 382.6 6.0
389.94 237.68 6.0
392.04 381.45 6.0
238.52 215.43 6.0
254.94 356.57 6.0
211.99 362.33 6.0
242.88 223.55 6.0
524.63 393.88 7.0
519.54 259.49 7.0
596.08 342.24 7.0
592.45 352.5 7.0
540.46 371.1 7.0
400.57 315.14 7.0
437.79 227.46 7.0
440.42 241.64 7.0
508.94 356.79 7.0
582.67 233.5 7.0
480.73 323.57 7.0
571.24 360.08 7.0
570.36 313.93 7.0
423.96 323.06 7.0
410.11 298.14 7.0
510.47 252.3 7.0
594.14 251.09 7.0
530.13 267.96 7.0
500.5 241.47 7.0
523.01 219.44 7.0
782.55 389.73 8.0
619.19 385.12 8.0
698.62 217.64 8.0
671.97 213.52 8.0
670.1 351.18 8.0
633.5 296.7 8.0
723.73 226.06 8.0
785.53 201.27 8.0
656.12 256.09 8.0
654.66 214.12 8.0
626.93 271.77 8.0
735.42 373.89 8.0
786.47 202.57 8.0
685.01 320.53 8.0
656.51 209.0 8.0
773.38 211.96 8.0
644.19 393.47 8.0
678.87 319.96 8.0
717.41 303.42 8.0
653.68 293.13 8.0
923.0 264.88 9.0
958.95 302.88 9.0
987.39 370.29 9.0
931.85 235.8 9.0
971.81 392.36 9.0
809.61 361.14 9.0
869.24 289.47 9.0
887.26 333.09 9.0
885.27 223.68 9.0
944.99 253.5 9.0
970.4 239.41 9.0
818.49 249.41 9.0
943.64 326.39 9.0
851.0 310.04 9.0
841.79 304.58 9.0
821.58 240.41 9.0
896.17 310.21 9.0
967.84 356.11 9.0
903.39 249.51 9.0
908.1 381.78 9.0
11.53 576.26 10.0
194.78 409.07 10.0
146.62 477.0 10.0
96.08 563.0 10.0
110.9 489.52 10.0
106.53 580.33 10.0
140.38 429.21 10.0
7.36 512.12 10.0
187.1 560.79 10.0
0.51 593.25 10.0
54.03 540.37 10.0
4.99 497.99 10.0
55.51 579.21 10.0
128.99 434.82 10.0
104.82 586.04 10.0
79.65 410.73 10.0
57.71 419.33 10.0
144.01 486.6 10.0
90.56 414.92 10.0
58.65 504.27 10.0
253.11 469.54 11.0
352.51 519.48 11.0
346.36 591.27 11.0
286.51 461.26 11.0
284.54 568.86 11.0
398.42 596.15 11.0
258.68 568.51 11.0
270.43 448.5 11.0
282.84 455.29 11.0
326.94 451.07 11.0
314.19 567.63 11.0
207.29 565.24 11.0
349.22 443.54 11.0
233.48 559.09 11.0
390.46 590.37 11.0
235.15 508.91 11.0
387.88 522.84 11.0
235.44 465.23 11.0
387.63 534.72 11.0
349.19 478.7 11.0
592.82 418.57 12.0
521.04 462.78 12.0
428.66 513.19 12.0
518.02 457.24 12.0
416.8 425.79 12.0
558.37 479.15 12.0
588.09 502.63 12.0
470.28 493.98 12.0
511.63 474.71 12.0
539.4 509.37 12.0
579.91 536.9 12.0
557.95 588.77 12.0
496.94 450.9 12.0
586.7 449.37 12.0
595.85 591.26 12.0
572.3 522.03 12.0
498.98 402.04 12.0
447.35 419.18 12.0
424.76 492.03 12.0
557.67 462.64 12.0
747.06 407.65 13.0
714.93 424.0 13.0
631.55 560.92 13.0
778.94 410.55 13.0
761.27 474.99 13.0
701.78 595.99 13.0
684.41 510.04 13.0
679.95 512.75 13.0
618.96 453.18 13.0
632.01 502.71 13.0
795.81 585.49 13.0
717.81 422.74 13.0
624.03 532.34 13.0
797.42 598.8 13.0
689.78 484.95 13.0
631.24 582.02 13.0
705.92 536.04 13.0
676.49 499.64 13.0
617.77 546.84 13.0
736.29 547.06 13.0
850.65 436.56 14.0
892.18 418.58 14.0
918.69 598.61 14.0
997.55 506.29 14.0
881.85 409.84 14.0
842.59 498.97 14.0
832.33 572.54 14.0
907.57 451.4 14.0
893.66 581.5 14.0
834.05 575.7 14.0
867.29 436.33 14.0
973.5 563.55 14.0
852.35 484.44 14.0
922.31 582.6 14.0
993.36 468.16 14.0
809.3 536.5 14.0
854.81 528.78 14.0
976.81 483.52 14.0
864.27 468.21 14.0
862.71 491.89 14.0
21.44 761.46 15.0
89.22 647.23 15.0
90.8 609.52 15.0
93.82 615.62 15.0
137.93 707.36 15.0
39.35 644.29 15.0
98.91 675.65 15.0
75.72 648.19 15.0
90.86 705.0 15.0
147.02 604.84 15.0
57.38 685.56 15.0
129.07 728.23 15.0
4.19 709.15 15.0
54.02 696.59 15.0
72.92 607.79 15.0
182.3 605.08 15.0
119.87 606.88 15.0
42.03 771.0 15.0
86.96 678.64 15.0
153.43 686.3 15.0
367.17 685.31 16.0
234.77 750.71 16.0
375.09 768.81 16.0
313.76 611.74 16.0
280.83 642.91 16.0
259.05 749.89 16.0
283.85 609.0 16.0
286.27 704.85 16.0
323.19 727.57 16.0
246.78 602.32 16.0
359.29 754.72 16.0
314.7 693.91 16.0
305.64 749.77 16.0
392.25 617.06 16.0
369.85 746.67 16.0
270.28 769.09 16.0
200.84 635.52 16.0
305.93 656.13 16.0
363.28 702.74 16.0
319.58 666.87 16.0
589.46 649.54 17.0
575.95 710.69 17.0
437.4 755.22 17.0
583.78 602.0 17.0
593.19 641.48 17.0
453.22 751.11 17.0
539.64 697.46 17.0
462.12 760.55 17.0
518.21 606.89 17.0
456.26 709.32 17.0
539.22 638.79 17.0
553.14 651.96 17.0
432.79 708.5 17.0
536.68 715.71 17.0
417.87 728.63 17.0
587.0 645.62 17.0
497.28 653.94 17.0
577.41 656.47 17.0
566.27 794.5 17.0
521.89 735.62 17.0
755.43 609.33 18.0
754.06 709.04 18.0
779.28 706.09 18.0
741.63 709.17 18.0
714.24 710.44 18.0
654.41 664.76 18.0
624.02 622.32 18.0
679.47 623.84 18.0
679.12 648.27 18.0
740.51 780.89 18.0
706.71 682.91 18.0
602.51 646.53 18.0
685.35 748.12 18.0
672.4 633.92 18.0
776.29 689.51 18.0
665.22 719.8 18.0
725.41 701.45 18.0
603.81 750.14 18.0
735.21 777.29 18.0
691.19 734.51 18.0
858.21 603.91 19.0
968.87 726.79 19.0
812.08 664.08 19.0
927.0 701.43 19.0
948.39 670.87 19.0
809.19 621.97 19.0
891.44 666.22 19.0
893.14 674.07 19.0
867.64 781.3 19.0
894.46 760.24 19.0
814.22 730.17 19.0
856.47 782.53 19.0
868.17 797.82 19.0
918.21 729.35 19.0
800.66 634.23 19.0
817.57 740.64 19.0
822.02 691.83 19.0
884.16 638.03 19.0
866.5 650.55 19.0
964.45 678.65 19.0
98.63 848.11 20.0
145.31 877.07 20.0
73.75 993.78 20.0
33.84 857.17 20.0
121.02 814.45 20.0
17.13 938.01 20.0
65.49 870.72 20.0
142.78 881.18 20.0
76.89 884.35 20.0
52.14 905.75 20.0
196.39 839.12 20.0
90.82 970.41 20.0
187.11 997.44 20.0
180.62 964.82 20.0
64.55 904.81 20.0
88.39 928.8 20.0
88.12 938.16 20.0
2.26 992.25 20.0
35.97 901.3 20.0
59.39 805.32 20.0
360.6 828.27 21.0
232.38 911.89 21.0
364.39 837.45 21.0
316.42 844.07 21.0
286.39 959.71 21.0
338.5 994.14 21.0
397.07 845.18 21.0
324.89 960.88 21.0
390.15 858.51 21.0
390.07 865.03 21.0
282.68 912.0 21.0
209.2 999.41 21.0
218.13 910.74 21.0
226.67 967.89 21.0
351.97 845.68 21.0
283.86 906.93 21.0
362.02 977.97 21.0
270.18 820.1 21.0
212.14 961.79 21.0
303.94 815.28 21.0
485.01 829.93 22.0
537.26 948.13 22.0
563.27 885.36 22.0
409.81 949.99 22.0
540.77 975.95 22.0
409.9 948.12 22.0
597.38 801.6 22.0
508.45 892.51 22.0
436.21 880.61 22.0
448.19 893.77 22.0
583.77 974.47 22.0
415.33 878.09 22.0
472.51 932.25 22.0
515.1 944.34 22.0
422.82 875.12 22.0
462.97 806.88 22.0
437.53 938.5 22.0
523.12 839.62 22.0
566.42 923.51 22.0
409.77 917.07 22.0
709.01 960.22 23.0
762.61 908.98 23.0
675.34 907.84 23.0
670.91 876.53 23.0
749.79 877.95 23.0
753.34 978.95 23.0
721.26 937.38 23.0
726.83 940.95 23.0
693.3 890.13 23.0
631.48 974.54 23.0
649.53 805.82 23.0
721.98 845.11 23.0
778.89 815.9 23.0
736.23 873.23 23.0
654.54 954.87 23.0
638.9 877.71 23.0
756.61 992.73 23.0
670.34 982.93 23.0
653.39 886.24 23.0
709.35 826.99 23.0
911.7 873.83 24.0
821.79 816.79 24.0
953.08 981.83 24.0
940.77 969.44 24.0
846.67 868.68 24.0
953.34 875.15 24.0
919.42 883.5 24.0
940.89 862.13 24.0
802.17 850.13 24.0
838.38 983.25 24.0
810.59 903.08 24.0
860.65 817.88 24.0
961.91 833.25 24.0
833.5 968.18 24.0
983.09 987.27 24.0
897.3 939.3 24.0
839.8 971.94 24.0
998.25 945.6 24.0
997.4 998.5 24.0
834.0 861.46 24.0
